测试题

资料：
六合彩49号  开出七个号码  前六个是平码 最后一个特码 


红波：	01、02、07、08、12、13、18、19、23、24、29、30、34、35、40、45、46

蓝波：	03、04、09、10、14、15、20、25、26、31、36、37、41、42、47、48

绿波：	05、06、11、16、17、21、22、27、28、32、33、38、39、43、44、49 

生肖对应号码：
狗	01	13	25	37	49
鸡	02	14	26	38
猴	03	15	27	39
羊	04	16	28	40
马	05	17	29	41
蛇	06	18	30	42
龙	07	19	31	43
兔	08	20	32	44
虎	09	21	33	45
牛	10	22	34	46
鼠	11	23	35	47
猪	12	24	36	48

五行对应号码：
金	04 05 18 19 26 27 34 35 48 49
木	01 08 09 16 17 30 31 38 39 46 47
水	06 07 14 15 22 23 36 37 44 45
火	02 03 10 11 24 25 32 33 40 41
土	12 13 20 21 28 29 42 43


要求 ：按照以上的资料做出相应的功能  模版在test.thml里
功能1：开奖结果（号码对应颜色和生肖、五行都要出来）
功能2：判断本期结果是否正确，正解的给出相应标记，不正解的删除，并给出下期资料（按以上资料随机发）
